[0.09238254 0.14690658 0.11452252 ... 0.03718541 0.03863956 0.11858125]
[0.05890703 0.0792975  0.10737126 ... 0.10527271 0.026032   0.04121098]
[0.1632522  0.13078909 0.20783135 ... 0.11689495 0.02100342 0.02607325]
[0.1944256  0.14802663 0.13506189 ... 0.08176696 0.11901903 0.07212011]
[0.11839046 0.08747604 0.14247748 ... 0.03645192 0.10705108 0.11556903]
[0.13644241 0.14827934 0.17149401 ... 0.03974567 0.02479227 0.04295164]
[0.19258693 0.13399124 0.15455353 ... 0.01655752 0.09010226 0.06938931]
[0.11424808 0.2038641  0.17270477 ... 0.03858693 0.05484581 0.0364882 ]
[0.14073326 0.17968187 0.13700825 ... 0.11007623 0.04786181 0.12087092]
[0.13835771 0.16922309 0.17707437 ... 0.08293467 0.02483081 0.0338034 ]
[0.14082925 0.18645424 0.15516016 ... 0.03852819 0.05806337 0.01183922]
[0.15389091 0.16247064 0.19415238 ... 0.04031536 0.05698262 0.02681574]
[0.12724587 0.14106144 0.11196993 ... 0.03974512 0.05517112 0.06148023]
[0.11885438 0.1950233  0.13056651 ... 0.02193203 0.08645678 0.02550535]
[0.15409988 0.16389501 0.12445841 ... 0.09395881 0.03003019 0.08394347]
[0.08473961 0.16358399 0.20246835 ... 0.03965205 0.05431531 0.01309609]
[0.1817537  0.15875825 0.17440236 ... 0.05265912 0.0517246  0.00254868]
[0.10956262 0.15062872 0.16705784 ... 0.02775769 0.02670483 0.08386774]
[0.14977093 0.20306586 0.16718313 ... 0.02185582 0.02861135 0.12932864]
[0.13891274 0.11880815 0.11394978 ... 0.09379242 0.01904437 0.04408545]
[0.16099346 0.17336193 0.1789071  ... 0.09084164 0.0714538  0.04361927]
[0.1216647  0.14969699 0.12043627 ... 0.02224772 0.04368044 0.08188654]
[0.21881276 0.19823642 0.13965298 ... 0.06168295 0.01639437 0.01479016]
[0.13639404 0.14581077 0.16798049 ... 0.06032883 0.05318126 0.03807453]
[0.13688676 0.12181617 0.21564305 ... 0.05858467 0.04291439 0.02458767]
[0.20177768 0.14189707 0.22037125 ... 0.06387845 0.11209661 0.01448532]
[0.20454687 0.1847349  0.11005208 ... 0.04807633 0.08210561 0.03708195]
[0.20288399 0.17563614 0.13430327 ... 0.03297988 0.0705437  0.09359644]
[0.21057203 0.1834937  0.12837493 ... 0.03061817 0.06336389 0.03929557]
[0.15659091 0.14782046 0.17473239 ... 0.08954027 0.06236165 0.09173484]
[0.21403465 0.21399543 0.14581111 ... 0.02810254 0.05841365 0.10014839]
[0.14599317 0.1436708  0.17447744 ... 0.05285004 0.09268078 0.07508568]
[0.02377429 0.09809214 0.0247584  ... 0.02282809 0.07376288 0.03804041]
[0.16708322 0.18305854 0.11468177 ... 0.03976761 0.05230108 0.0818665 ]
[0.15672168 0.16875499 0.12501264 ... 0.09340232 0.04055452 0.06372948]
[0.1711363  0.18881658 0.17598785 ... 0.06655149 0.0601835  0.04134007]
[0.13020815 0.17450553 0.19713151 ... 0.07491309 0.10002182 0.04487994]
[0.13707203 0.1419943  0.24652722 ... 0.08461645 0.03408526 0.06866028]
[0.1566184  0.13002585 0.15247113 ... 0.09290688 0.10829538 0.14886326]
[0.17781001 0.1706979  0.16542321 ... 0.10551734 0.15165964 0.04973144]
[0.14681393 0.15008344 0.1602584  ... 0.05072491 0.02777072 0.04162005]
[0.14533919 0.11418953 0.17372486 ... 0.05670027 0.06635656 0.02956218]
[0.12445402 0.16154809 0.2036097  ... 0.08662292 0.03382575 0.03742088]
[0.18517068 0.19049449 0.14451572 ... 0.07281072 0.06337368 0.04099183]
[0.18990681 0.22378051 0.12735491 ... 0.03875908 0.02258601 0.10376469]
[0.23328105 0.18917151 0.11095719 ... 0.08308233 0.02805539 0.05679898]
[0.17024669 0.17363572 0.13385175 ... 0.10987681 0.04471655 0.11272772]
[0.16548012 0.20681126 0.19382396 ... 0.11557442 0.05675733 0.04321001]
[0.23989004 0.16900268 0.12591305 ... 0.09890441 0.04152986 0.0262788 ]
[0.18615931 0.19318196 0.13848519 ... 0.06722905 0.04621836 0.0890175 ]
[0.11915002 0.13452016 0.18695436 ... 0.04100462 0.10548007 0.10292464]
[0.17882508 0.17540455 0.19695769 ... 0.13774061 0.02797543 0.10423812]
[0.13118392 0.20888045 0.21087965 ... 0.08436015 0.08837777 0.09312266]
[0.18932039 0.12817912 0.12075578 ... 0.02391432 0.07707074 0.0485726 ]
[0.15138029 0.17256749 0.18745425 ... 0.05509059 0.06290893 0.05632473]
[0.17846194 0.16014335 0.1224746  ... 0.06936958 0.07954162 0.02149572]
[0.20787591 0.16399056 0.15900865 ... 0.01530633 0.04843223 0.08231919]
[0.17473759 0.16803353 0.15493879 ... 0.07523089 0.06093357 0.02131604]
[0.1431279  0.15576141 0.22258905 ... 0.02425852 0.05669319 0.07157694]
[0.15795742 0.16261202 0.2164157  ... 0.02438884 0.05504322 0.07013769]
[0.1425342  0.16421886 0.20463534 ... 0.09343454 0.09054362 0.04604044]
[0.11150487 0.16163363 0.14032683 ... 0.11514601 0.04500176 0.05065201]
[0.1974889  0.28380966 0.20357567 ... 0.08232862 0.03302667 0.08360258]
[0.18431729 0.2402871  0.21231033 ... 0.11585713 0.08954564 0.06081907]
[0.1868889  0.23495254 0.22398874 ... 0.09987455 0.04139754 0.05248555]
[0.1794104  0.11775728 0.18484491 ... 0.0911281  0.04557307 0.03723315]
[0.17911106 0.14610159 0.1414147  ... 0.05116552 0.08289696 0.08254093]
[0.25738198 0.16675127 0.13171056 ... 0.061844   0.11361143 0.06975679]
[0.14783691 0.1677887  0.19655091 ... 0.0565474  0.0492684  0.14054802]
[0.21266845 0.18136501 0.17663416 ... 0.04122305 0.11035107 0.02316918]
[0.13998082 0.16060343 0.12085763 ... 0.10034511 0.09003595 0.09589165]
[0.12855507 0.19377577 0.20868354 ... 0.01978336 0.04270249 0.01758933]
[0.24315412 0.17903861 0.19570954 ... 0.05005456 0.06863217 0.11146116]
[0.10201732 0.13685876 0.1735357  ... 0.1052663  0.09744983 0.06128256]
[0.15925294 0.16992667 0.11905832 ... 0.10271075 0.05186111 0.08268053]
[0.1911051  0.21596956 0.16720125 ... 0.08165694 0.16727901 0.03733716]
[0.13395545 0.11409083 0.13666412 ... 0.08397292 0.05121712 0.02560458]
[0.26886153 0.13279732 0.17820337 ... 0.03605198 0.07157921 0.04580993]
[0.23901534 0.15533213 0.12643702 ... 0.1297612  0.07277217 0.0573332 ]
[0.16776164 0.19247726 0.15597275 ... 0.08697437 0.04136209 0.04708491]
[0.16207567 0.14744487 0.11572462 ... 0.03625446 0.05325553 0.12883162]
[0.12376848 0.21891111 0.13565612 ... 0.05090302 0.12094104 0.02215928]
[0.20690969 0.16319488 0.21740794 ... 0.0629172  0.03667315 0.05715479]
[0.1269965  0.17409432 0.24580646 ... 0.04468127 0.01623799 0.01334847]
[0.1506235  0.17460613 0.22630644 ... 0.03420366 0.029822   0.04174184]
[0.16513816 0.16625863 0.17914549 ... 0.00994159 0.06960233 0.05862661]
[0.17627659 0.19063526 0.18034241 ... 0.06386952 0.10802066 0.09434038]
[0.19676155 0.20312807 0.15838617 ... 0.03073971 0.07084266 0.06768449]
[0.20837244 0.19050026 0.19633217 ... 0.07630002 0.04294793 0.075281  ]
[0.17475775 0.23574448 0.1164518  ... 0.05637307 0.01738008 0.0714656 ]
[0.16931698 0.15109575 0.21520719 ... 0.07447285 0.07411143 0.11187902]
[0.14530244 0.16178387 0.18620178 ... 0.01965391 0.04281143 0.05478235]
[0.14609765 0.15750778 0.13267069 ... 0.11756828 0.08651743 0.0666053 ]
[0.12461793 0.17748895 0.12289581 ... 0.15734842 0.07186908 0.06241834]
[0.12349176 0.17866865 0.1668644  ... 0.01569764 0.06479055 0.0460056 ]
[0.18901767 0.15527934 0.13124901 ... 0.07113538 0.01188952 0.06331766]
[0.14346386 0.14292468 0.27499393 ... 0.06012163 0.04541019 0.03407801]
[0.12227616 0.15352425 0.11466686 ... 0.07088693 0.02981144 0.07419676]
[0.20205604 0.20455679 0.25632703 ... 0.06436359 0.10786013 0.04744875]
[0.13264805 0.14487834 0.14433455 ... 0.04395595 0.03441912 0.05038835]
[0.15286058 0.12725084 0.13248654 ... 0.099804   0.05856603 0.04783967]
